2020534 20190328
2416208 20190329
3199016 20190328
1446402 20190327
4272667 20190329
2734415 20190327
2416648 20190327
4043370 20190326
4159578 20190328
2896921 20190327
3972945 20190326
4764322 20190327
1473856 20190329
1618545 20190326
4400156 20190327
2132147 20190325
1290376 20190325
2223555 20190327
3134404 20190301
2258830 20190326
3023275 20190329
4033629 20190325
2960983 20190326
1581897 20190327
2761792 20190328
2946924 20190325
3488169 20190325
2416253 20190325
3702373 20190326
3173542 20190328
2496259 20190329
3868285 20190325
4688169 20190326
1062584 20190328
3600757 20190327
2190408 20190327
3680746 20190327
2118150 20190325
2083298 20190325
4658969 20190327
4669550 20190328
4108241 20190326
4299308 20190327
2373593 20190329
1720477 20190328
3380452 20190327
3677994 20190327
3552479 20190327
